{"name": "pca_features", "created_at": "2025-12-14T12:00:22.567645+00:00", "n_components": 5, "explained_variance_ratio": [0.5426650411852416, 0.13065406392227244, 0.0748042093329203, 0.05546268750836832, 0.04398661060638443], "components": [[0.26180377478594496, 0.2629741048932367, 0.26275902465003353, 0.26351771584448935, -0.06940118849063022, -0.012919205735444719, -0.01284143143938269, 0.26557624465252455, 0.2657993659992793, 0.26248111385292744, 0.2637948942638045, 0.24942458417392957, 0.2545290201783633, -0.009002544692767523, 0.053178752450791546, 0.12444276662810773, 0.139760732237706, -0.021718825257502163, 0.26385913744071765, 8.920935267338337e-07, 0.26339619565208333, 0.006864636497117759, 0.26170852244907783, 0.012223185613689548, 0.2562359929560021, 0.01629863675261521], [0.05738030399987674, 0.03291171636025953, 0.05211806558537648, 0.027616000168774812, -0.20250657807811498, 0.22527992958091983, 0.2291741521954805, -0.013786098109141352, -0.008068754292635587, -0.08017672691796167, -0.06699953847045177, -0.1736472721263694, -0.14289052148977519, -0.2360273809693833, 0.46732622164661264, 0.38164365327852834, 0.2722923900410994, 0.4186623659260543, 0.016290645019381426, 0.1717116451217643, -0.015840448310428704, 0.1691657737432945, -0.04765776668667226, 0.16413756423167705, -0.09823368938201778, 0.13951598994342812], [0.07107005615572311, 0.03125376996817646, 0.0311391153522702, -0.008678672250264006, 0.06118568168623782, 0.6441579492930833, 0.6414642804360843, -0.0004679650914625745, 0.016086485728199016, 0.029675259684182366, 0.029799317545153067, 0.07009062797769636, 0.06154338691794887, 0.11108655058774074, -0.028632889256421417, -0.1764762155474699, -0.16223047824814585, -0.08085239852404674, -0.0435531509930721, -0.009943025215781364, -0.04222228320206958, -0.19545594775476396, -0.008487977674042422, -0.1526466361428083, 0.03917132924988605, -0.08939312554354617], [0.0684344821170586, 0.08601937868754025, 0.049768147382554306, 0.06946211787397263, 0.49393251487367057, -0.030285083947115907, -0.04084881669422976, 0.020993215715916076, 0.03364856811067154, -0.012580001123729994, 0.011608792230318136, -0.007275802317397871, 0.02645992857477674, 0.4619002853223687, 0.1690348514028099, -0.17841890329154397, -0.3190610789951985, 0.39954197131072283, 0.07543004619221871, 0.2490694585779628, 0.032165742746544886, 0.2849347782230428, -0.01810540930336305, 0.20253061428069, -0.056583515040733154, -0.041877766885991326], [-0.04551397793861224, -0.03409675690094119, -0.062118060507327995, -0.04773822866888264, 0.3151325690916416, 0.02316097372625378, 0.015618493982474585, 0.026613992348252142, -0.0061187974838013024, -0.0005088395364973795, -0.010523699544541423, -0.053941575918235465, -0.039936897480721906, 0.28110469033266045, 0.07669924385420399, 0.16234740936882072, 0.1560048489610039, 0.053386909250467095, -0.046693871140080084, -0.49537579211673455, 0.04201411085759707, -0.28938582400509516, 0.09553390498840672, 0.06529400436626415, 0.07040704242233152, 0.6287264870607795]], "mean": [92.67803907690582, 94.44210241132888, 90.96052625196404, 92.76285340137832, 13.360601073625912, 0.0007254410240350658, 0.00018505194784441088, 92.64031778339519, 92.63667806890524, 92.57895191263708, 92.56097039754145, 92.40024489487674, 92.34632305035554, 0.028658647365803192, 52.28974575895605, 0.32979364360842955, 0.36592978497130413, -0.0361361413628744, 92.66424367837531, 0.0008507215890919498, 92.63964758452421, 0.0007879833714780728, 92.61996185113185, 0.0007993615591359988, 92.57922358542496, 0.0009218346260412636], "scale": [17.11824935824201, 17.450516300456645, 17.01741517553776, 17.328633334962056, 0.6250667961232985, 0.03253281374413982, 0.03308290725670111, 16.918818544144294, 16.817166684472497, 16.742139743277836, 16.53184627097442, 16.424752749575237, 15.983923896074272, 0.01541167759187581, 18.257884844417692, 3.3745421568351124, 3.1630349612254154, 1.0189648801074238, 17.132807770814694, 0.03236887889885547, 17.153786328795494, 0.03236792474787529, 17.170732537387266, 0.03237274439921082, 17.20669899182121, 0.032288186231320806], "feature_order": ["Close", "High", "Low", "Open", "Volume", "return", "log_return", "sma_5", "ema_5", "sma_10", "ema_10", "sma_20", "ema_20", "vol_10", "rsi_14", "macd", "macd_signal", "macd_hist", "lag_close_1", "lag_return_1", "lag_close_2", "lag_return_2", "lag_close_3", "lag_return_3", "lag_close_5", "lag_return_5"], "row_index": ["2024-01-11", "2024-01-12", "2024-01-16", "2024-01-17", "2024-01-18", "2024-01-19", "2024-01-22", "2024-01-23", "2024-01-24", "2024-01-25", "2024-01-26", "2024-01-29", "2024-01-30", "2024-01-31", "2024-02-01", "2024-02-02", "2024-02-05", "2024-02-06", "2024-02-07", "2024-02-08", "2024-02-09", "2024-02-12", "2024-02-13", "2024-02-14", "2024-02-15", "2024-02-16", "2024-02-20", "2024-02-21", "2024-02-22", "2024-02-23", "2024-02-26", "2024-02-27", "2024-02-28", "2024-02-29", "2024-03-01", "2024-03-04", "2024-03-05", "2024-03-06", "2024-03-07", "2024-03-08", "2024-03-11", "2024-03-12", "2024-03-13", "2024-03-14", "2024-03-15", "2024-03-18", "2024-03-19", "2024-03-20", "2024-03-21", "2024-03-22", "2024-03-25", "2024-03-26", "2024-03-27", "2024-03-28", "2024-04-01", "2024-04-02", "2024-04-03", "2024-04-04", "2024-04-05", "2024-04-08", "2024-04-09", "2024-04-10", "2024-04-11", "2024-04-12", "2024-04-15", "2024-04-16", "2024-04-17", "2024-04-18", "2024-04-19", "2024-04-22", "2024-04-23", "2024-04-24", "2024-04-25", "2024-04-26", "2024-04-29", "2024-04-30", "2024-05-01", "2024-05-02", "2024-05-03", "2024-05-06", "2024-05-07", "2024-05-08", "2024-05-09", "2024-05-10", "2024-05-13", "2024-05-14", "2024-05-15", "2024-05-16", "2024-05-17", "2024-05-20", "2024-05-21", "2024-05-22", "2024-05-23", "2024-05-24", "2024-05-28", "2024-05-29", "2024-05-30", "2024-05-31", "2024-06-03", "2024-06-04", "2024-06-05", "2024-06-06", "2024-06-07", "2024-06-10", "2024-06-11", "2024-06-12", "2024-06-13", "2024-06-14", "2024-06-17", "2024-06-18", "2024-06-20", "2024-06-21", "2024-06-24", "2024-06-25", "2024-06-26", "2024-06-27", "2024-06-28", "2024-07-01", "2024-07-02", "2024-07-03", "2024-07-05", "2024-07-08", "2024-07-09", "2024-07-10", "2024-07-11", "2024-07-12", "2024-07-15", "2024-07-16", "2024-07-17", "2024-07-18", "2024-07-19", "2024-07-22", "2024-07-23", "2024-07-24", "2024-07-25", "2024-07-26", "2024-07-29", "2024-07-30", "2024-07-31", "2024-08-01", "2024-08-02", "2024-08-05", "2024-08-06", "2024-08-07", "2024-08-08", "2024-08-09", "2024-08-12", "2024-08-13", "2024-08-14", "2024-08-15", "2024-08-16", "2024-08-19", "2024-08-20", "2024-08-21", "2024-08-22", "2024-08-23", "2024-08-26", "2024-08-27", "2024-08-28", "2024-08-29", "2024-08-30", "2024-09-03", "2024-09-04", "2024-09-05", "2024-09-06", "2024-09-09", "2024-09-10", "2024-09-11", "2024-09-12", "2024-09-13", "2024-09-16", "2024-09-17", "2024-09-18", "2024-09-19", "2024-09-20", "2024-09-23", "2024-09-24", "2024-09-25", "2024-09-26", "2024-09-27", "2024-09-30", "2024-10-01", "2024-10-02", "2024-10-03", "2024-10-04", "2024-10-07", "2024-10-08", "2024-10-09", "2024-10-10", "2024-10-11", "2024-10-14", "2024-10-15", "2024-10-16", "2024-10-17", "2024-10-18", "2024-10-21", "2024-10-22", "2024-10-23", "2024-10-24", "2024-10-25", "2024-10-28", "2024-10-29", "2024-10-30", "2024-10-31", "2024-11-01", "2024-11-04", "2024-11-05", "2024-11-06", "2024-11-07", "2024-11-08", "2024-11-11", "2024-11-12", "2024-11-13", "2024-11-14", "2024-11-15", "2024-11-18", "2024-11-19", "2024-11-20", "2024-11-21", "2024-11-22", "2024-11-25", "2024-11-26", "2024-11-27", "2024-11-29", "2024-12-02", "2024-12-03", "2024-12-04", "2024-12-05", "2024-12-06", "2024-12-09", "2024-12-10", "2024-12-11", "2024-12-12", "2024-12-13", "2024-12-16", "2024-12-17", "2024-12-18", "2024-12-19", "2024-12-20", "2024-12-23", "2024-12-24", "2024-12-26", "2024-12-27", "2024-12-30", "2024-12-31", "2025-01-02", "2025-01-03", "2025-01-06", "2025-01-07", "2025-01-08", "2025-01-10", "2025-01-13", "2025-01-14", "2025-01-15", "2025-01-16", "2025-01-17", "2025-01-21", "2025-01-22", "2025-01-23", "2025-01-24", "2025-01-27", "2025-01-28", "2025-01-29", "2025-01-30", "2025-01-31", "2025-02-03", "2025-02-04", "2025-02-05", "2025-02-06", "2025-02-07", "2025-02-10", "2025-02-11", "2025-02-12", "2025-02-13", "2025-02-14", "2025-02-18", "2025-02-19", "2025-02-20", "2025-02-21", "2025-02-24", "2025-02-25", "2025-02-26", "2025-02-27", "2025-02-28", "2025-03-03", "2025-03-04", "2025-03-05", "2025-03-06", "2025-03-07", "2025-03-10", "2025-03-11", "2025-03-12", "2025-03-13", "2025-03-14", "2025-03-17", "2025-03-18", "2025-03-19", "2025-03-20", "2025-03-21", "2025-03-24", "2025-03-25", "2025-03-26", "2025-03-27", "2025-03-28", "2025-03-31", "2025-04-01", "2025-04-02", "2025-04-03", "2025-04-04", "2025-04-07", "2025-04-08", "2025-04-09", "2025-04-10", "2025-04-11", "2025-04-14", "2025-04-15", "2025-04-16", "2025-04-17", "2025-04-21", "2025-04-22", "2025-04-23", "2025-04-24", "2025-04-25", "2025-04-28", "2025-04-29", "2025-04-30", "2025-05-01", "2025-05-02", "2025-05-05", "2025-05-06", "2025-05-07", "2025-05-08", "2025-05-09", "2025-05-12", "2025-05-13", "2025-05-14", "2025-05-15", "2025-05-16", "2025-05-19", "2025-05-20", "2025-05-21", "2025-05-22", "2025-05-23", "2025-05-27", "2025-05-28", "2025-05-29", "2025-05-30", "2025-06-02", "2025-06-03", "2025-06-04", "2025-06-05", "2025-06-06", "2025-06-09", "2025-06-10", "2025-06-11", "2025-06-12", "2025-06-13", "2025-06-16", "2025-06-17", "2025-06-18", "2025-06-20", "2025-06-23", "2025-06-24", "2025-06-25", "2025-06-26", "2025-06-27", "2025-06-30", "2025-07-01", "2025-07-02", "2025-07-03", "2025-07-07", "2025-07-08", "2025-07-09", "2025-07-10", "2025-07-11", "2025-07-14", "2025-07-15", "2025-07-16", "2025-07-17", "2025-07-18", "2025-07-21", "2025-07-22", "2025-07-23", "2025-07-24", "2025-07-25", "2025-07-28", "2025-07-29", "2025-07-30", "2025-07-31", "2025-08-01", "2025-08-04", "2025-08-05", "2025-08-06", "2025-08-07", "2025-08-08", "2025-08-11", "2025-08-12", "2025-08-13", "2025-08-14", "2025-08-15", "2025-08-18", "2025-08-19", "2025-08-20", "2025-08-21", "2025-08-22", "2025-08-25", "2025-08-26", "2025-08-27", "2025-08-28", "2025-08-29", "2025-09-02", "2025-09-03", "2025-09-04", "2025-09-05", "2025-09-08", "2025-09-09", "2025-09-10", "2025-09-11", "2025-09-12", "2025-09-15", "2025-09-16", "2025-09-17", "2025-09-18", "2025-09-19", "2025-09-22", "2025-09-23", "2025-09-24", "2025-09-25", "2025-09-26", "2025-09-29", "2025-09-30", "2025-10-01", "2025-10-02", "2025-10-03", "2025-10-06", "2025-10-07", "2025-10-08", "2025-10-09", "2025-10-10", "2025-10-13", "2025-10-14", "2025-10-15", "2025-10-16", "2025-10-17", "2025-10-20", "2025-10-21", "2025-10-22", "2025-10-23", "2025-10-24", "2025-10-27", "2025-10-28", "2025-10-29", "2025-10-30", "2025-10-31", "2025-11-03", "2025-11-04", "2025-11-05", "2025-11-06", "2025-11-07", "2025-11-10", "2025-11-11", "2025-11-12", "2025-11-13", "2025-11-14", "2025-11-17", "2025-11-18", "2025-11-19", "2025-11-20", "2025-11-21", "2025-11-24", "2025-11-25", "2025-11-26", "2025-11-28", "2025-12-01", "2025-12-02", "2025-12-03", "2025-12-04", "2025-12-05", "2025-12-08", "2025-12-09", "2025-12-10", "2025-12-11", "2025-12-12"], "ticker": "AAON", "feature_correlation": [[1.0, 0.993914884401781, 0.9954554757716654, 0.9880709342528083, -0.2571774127456414, 0.08244626255782697, 0.08276385016595886, 0.979414026114613, 0.9868415603162682, 0.9549017063078175, 0.9673309053999215, 0.9010638075847318, 0.9266512862420488, -0.04394647196485935, 0.2819015924517846, 0.47775708115360843, 0.49985988018565874, 0.030557612873642604, 0.9835753076849877, 0.0894668458780035, 0.9652304537010822, 0.0809469582990531, 0.948340804434246, 0.07316125111646708, 0.9202144888944933, 0.058784055424529524], [0.993914884401781, 1.0, 0.9924761235802849, 0.995573949401283, -0.22048149391467778, 0.012959933229344982, 0.011318300812523182, 0.9848656787598735, 0.990452149436646, 0.9628685727402169, 0.974144591152626, 0.9119324083296628, 0.9365071045802964, -0.017864339255865905, 0.25272058113511103, 0.46401672423711315, 0.49219926332289965, 0.008833002795935097, 0.9906964956891959, 0.08373424722294759, 0.9735445311899953, 0.07699707672780445, 0.9574272514681984, 0.07487316076558213, 0.9288137173540973, 0.0574509179381631], [0.9954554757716654, 0.9924761235802849, 1.0, 0.9940180233769624, -0.28529486334316395, 0.026267879122580582, 0.029108565882552673, 0.9818847046064919, 0.9879922820086828, 0.9567391783740518, 0.9691314633208431, 0.9033952144495062, 0.9280738014841277, -0.06687504059690565, 0.27013977422156615, 0.4831805059486292, 0.5091513137466974, 0.019676419807325082, 0.9890071896171332, 0.09690503688127093, 0.9693817471249447, 0.08041880480762911, 0.9526493713574777, 0.0810927483120317, 0.9221721320738564, 0.05974913811919265], [0.9880709342528083, 0.995573949401283, 0.9940180233769624, 1.0, -0.2459506396897781, -0.04247954311099192, -0.041569268397718316, 0.9863123742812772, 0.9904464681388582, 0.9635648546957554, 0.9747364583327405, 0.9127229941981074, 0.9366811998206521, -0.03845753265920376, 0.24083585394295629, 0.4688268391518148, 0.5001625767053645, 4.339360341092201e-05, 0.9946886952302197, 0.0852425260062638, 0.9774543834986629, 0.08160102721903711, 0.9607171408882824, 0.08321241101921172, 0.9292506869270488, 0.05872558570352155], [-0.2571774127456414, -0.22048149391467778, -0.28529486334316395, -0.2459506396897781, 1.0, -0.07723228975572298, -0.09322793911089104, -0.22969461471456587, -0.2326873945683701, -0.1998744995471875, -0.2064066855756042, -0.1527667039102055, -0.15632487749425214, 0.4897429473194857, -0.20635796196758494, -0.36359554797809146, -0.3730864060794898, -0.046010573688588026, -0.24062932386641842, -0.060124159196855896, -0.2275156735605325, -0.08832076851853532, -0.20998299695118192, -0.059796391197358974, -0.1829308544616536, -0.054981780392887813], [0.08244626255782697, 0.012959933229344982, 0.026267879122580582, -0.04247954311099192, -0.07723228975572298, 1.0, 0.9983431476054392, -0.06162416759135624, -0.036370264746681376, -0.07332442038549394, -0.06310825946135441, -0.0884042930549776, -0.08133372598554106, -0.05229568439946877, 0.2768836311125411, 0.06659060265272723, 0.010188426419252184, 0.18890390698884946, -0.09585416490069608, 0.04243804915113435, -0.10540387861000979, -0.06564662422633677, -0.09623265967722112, -0.030467969378505926, -0.07654734199058834, -0.0030229823698685347], [0.08276385016595886, 0.011318300812523182, 0.029108565882552673, -0.041569268397718316, -0.09322793911089104, 0.9983431476054392, 1.0, -0.06173893588447121, -0.036603197203501095, -0.07450162452710336, -0.06388344565007993, -0.08985782619493526, -0.08281304049740935, -0.06898737157425329, 0.27810573038797615, 0.07071771219520095, 0.013939170465107273, 0.19092887431558273, -0.09573606144174678, 0.044759599889916034, -0.10562402555801326, -0.06594584371551045, -0.0963373723747549, -0.027032305776700145, -0.07857158285825151, -0.0019055212166477588], [0.979414026114613, 0.9848656787598735, 0.9818847046064919, 0.9863123742812772, -0.22969461471456587, -0.06162416759135624, -0.06173893588447121, 1.0, 0.9984238533889521, 0.9865702786580635, 0.9923101957333686, 0.9403725222301261, 0.9615455908500499, -0.015620992576397888, 0.1858479503251949, 0.439013773839306, 0.4908853114617787, -0.0698914322210084, 0.9897223320236094, -0.02743530755766301, 0.9931996991659156, 0.010424627287841966, 0.9897918164318822, 0.046062746385173006, 0.963514935781273, 0.07242625916396524], [0.9868415603162682, 0.990452149436646, 0.9879922820086828, 0.9904464681388582, -0.2326873945683701, -0.036370264746681376, -0.036603197203501095, 0.9984238533889521, 1.0, 0.9868405185811404, 0.9932744347056118, 0.9427575147599407, 0.9632752354346202, -0.014493411793005177, 0.191662702778, 0.4345472802583521, 0.48551626835789535, -0.06801688266485238, 0.9924232969759398, 0.004682765414472911, 0.9898904040587564, 0.03176639013479991, 0.9824588706879558, 0.045434831747181166, 0.9612626434918116, 0.053096851290171665], [0.9549017063078175, 0.9628685727402169, 0.9567391783740518, 0.9635648546957554, -0.1998744995471875, -0.07332442038549394, -0.07450162452710336, 0.9865702786580635, 0.9868405185811404, 1.0, 0.9975464672088658, 0.9738330327706752, 0.9849459842247699, 0.02932725175944084, 0.08135069710754471, 0.352321425187552, 0.4428487306082997, -0.2078800943310159, 0.9672839976667356, -0.05761344595948855, 0.9763112411293623, -0.03887259253354644, 0.9821112387466405, -0.022878283837508572, 0.9848367981456048, 0.004230244629450213], [0.9673309053999215, 0.974144591152626, 0.9691314633208431, 0.9747364583327405, -0.2064066855756042, -0.06310825946135441, -0.06388344565007993, 0.9923101957333686, 0.9932744347056118, 0.9975464672088658, 1.0, 0.9735894922660733, 0.9863644392143693, 0.0199883061102239, 0.0952299637564109, 0.35296985809554193, 0.4313867653740441, -0.17015282649805813, 0.9778729245313352, -0.0360521076027149, 0.9829146734762589, -0.012931148489827474, 0.9838553784971537, 0.00240586996146178, 0.9776456622379764, 0.021302422556482455], [0.9010638075847318, 0.9119324083296628, 0.9033952144495062, 0.9127229941981074, -0.1527667039102055, -0.0884042930549776, -0.08985782619493526, 0.9403725222301261, 0.9427575147599407, 0.9738330327706752, 0.9735894922660733, 1.0, 0.9952676956171921, 0.08099670619104118, -0.10402295902915551, 0.1605911986112118, 0.283063543157427, -0.3468403282827621, 0.916298705441166, -0.07873321611599356, 0.9293008694295396, -0.06823875985342666, 0.9405848480266673, -0.06057640893108244, 0.9584580461439727, -0.04457973179017621], [0.9266512862420488, 0.9365071045802964, 0.9280738014841277, 0.9366811998206521, -0.15632487749425214, -0.08133372598554106, -0.08281304049740935, 0.9615455908500499, 0.9632752354346202, 0.9849459842247699, 0.9863644392143693, 0.9952676956171921, 1.0, 0.06897012908419209, -0.0329910931293249, 0.19674271148609512, 0.295257902606019, -0.2649693819992952, 0.9406587599426703, -0.0649623892306837, 0.951174334665899, -0.04918866836536094, 0.9589710869955251, -0.03811937074670785, 0.9681609086206284, -0.01974152314771713], [-0.04394647196485935, -0.017864339255865905, -0.06687504059690565, -0.03845753265920376, 0.4897429473194857, -0.05229568439946877, -0.06898737157425329, -0.015620992576397888, -0.014493411793005177, 0.02932725175944084, 0.0199883061102239, 0.08099670619104118, 0.06897012908419209, 1.0, -0.22585759940475458, -0.28244037007199735, -0.2458836938724233, -0.172104278479014, -0.03155184028964454, -0.06804322593636913, -0.01616297414479771, -0.06723163298021301, -0.0012094667514444915, -0.08051867415443491, 0.035495923499430544, -0.08421317824158842], [0.2819015924517846, 0.25272058113511103, 0.27013977422156615, 0.24083585394295629, -0.20635796196758494, 0.2768836311125411, 0.27810573038797615, 0.1858479503251949, 0.191662702778, 0.08135069710754471, 0.0952299637564109, -0.10402295902915551, -0.0329910931293249, -0.22585759940475458, 1.0, 0.678010229223757, 0.48348108726627964, 0.7445855436023474, 0.2316275061319392, 0.2842724695956075, 0.17919913707621643, 0.24767183532058348, 0.1330254330941403, 0.22887132745089397, 0.054918627721881726, 0.20336362741293507], [0.47775708115360843, 0.46401672423711315, 0.4831805059486292, 0.4688268391518148, -0.36359554797809146, 0.06659060265272723, 0.07071771219520095, 0.439013773839306, 0.4345472802583521, 0.352321425187552, 0.35296985809554193, 0.1605911986112118, 0.19674271148609512, -0.28244037007199735, 0.678010229223757, 1.0, 0.9534582522039156, 0.35204390067636987, 0.4642976209515563, 0.11956605393959481, 0.44075092943842886, 0.1612390451209052, 0.40948187318766804, 0.18949777978845192, 0.33441045135633507, 0.2075217776068745], [0.49985988018565874, 0.49219926332289965, 0.5091513137466974, 0.5001625767053645, -0.3730864060794898, 0.010188426419252184, 0.013939170465107273, 0.4908853114617787, 0.48551626835789535, 0.4428487306082997, 0.4313867653740441, 0.283063543157427, 0.295257902606019, -0.2458836938724233, 0.48348108726627964, 0.9534582522039156, 1.0, 0.05343668528917498, 0.4964459322201935, 0.02955709410336628, 0.4891939646917733, 0.05866106523857095, 0.4767161947900584, 0.08821908181959724, 0.43646062040954, 0.13185828288880327], [0.030557612873642604, 0.008833002795935097, 0.019676419807325082, 4.339360341092201e-05, -0.046010573688588026, 0.18890390698884946, 0.19092887431558273, -0.0698914322210084, -0.06801688266485238, -0.2078800943310159, -0.17015282649805813, -0.3468403282827621, -0.2649693819992952, -0.172104278479014, 0.7445855436023474, 0.35204390067636987, 0.05343668528917498, 1.0, -0.003419101893845869, 0.3042210517714079, -0.05888821318354812, 0.3518874515461298, -0.12371000181911446, 0.3537199500361562, -0.24736675491575913, 0.27794738937564345], [0.9835753076849877, 0.9906964956891959, 0.9890071896171332, 0.9946886952302197, -0.24062932386641842, -0.09585416490069608, -0.09573606144174678, 0.9897223320236094, 0.9924232969759398, 0.9672839976667356, 0.9778729245313352, 0.916298705441166, 0.9406587599426703, -0.03155184028964454, 0.2316275061319392, 0.4642976209515563, 0.4964459322201935, -0.003419101893845869, 1.0, 0.07976698081207471, 0.9837365420300175, 0.09142583110167861, 0.9653606339135419, 0.08015432856019068, 0.9334483602860546, 0.06001744605263567], [0.0894668458780035, 0.08373424722294759, 0.09690503688127093, 0.0852425260062638, -0.060124159196855896, 0.04243804915113435, 0.044759599889916034, -0.02743530755766301, 0.004682765414472911, -0.05761344595948855, -0.0360521076027149, -0.07873321611599356, -0.0649623892306837, -0.06804322593636913, 0.2842724695956075, 0.11956605393959481, 0.02955709410336628, 0.3042210517714079, 0.07976698081207471, 1.0, -0.09763992501717977, 0.045255848800386, -0.10765929078000148, -0.06479102794833107, -0.09058381346347356, -0.07077042574489768], [0.9652304537010822, 0.9735445311899953, 0.9693817471249447, 0.9774543834986629, -0.2275156735605325, -0.10540387861000979, -0.10562402555801326, 0.9931996991659156, 0.9898904040587564, 0.9763112411293623, 0.9829146734762589, 0.9293008694295396, 0.951174334665899, -0.01616297414479771, 0.17919913707621643, 0.44075092943842886, 0.4891939646917733, -0.05888821318354812, 0.9837365420300175, -0.09763992501717977, 1.0, 0.0813021641417342, 0.9837747374492837, 0.09039351003338333, 0.9486026448788699, 0.07141200995041937], [0.0809469582990531, 0.07699707672780445, 0.08041880480762911, 0.08160102721903711, -0.08832076851853532, -0.06564662422633677, -0.06594584371551045, 0.010424627287841966, 0.03176639013479991, -0.03887259253354644, -0.012931148489827474, -0.06823875985342666, -0.04918866836536094, -0.06723163298021301, 0.24767183532058348, 0.1612390451209052, 0.05866106523857095, 0.3518874515461298, 0.09142583110167861, 0.045255848800386, 0.0813021641417342, 1.0, -0.0958961505736522, 0.044434819998244, -0.09692613315970737, -0.031375705510696086], [0.948340804434246, 0.9574272514681984, 0.9526493713574777, 0.9607171408882824, -0.20998299695118192, -0.09623265967722112, -0.0963373723747549, 0.9897918164318822, 0.9824588706879558, 0.9821112387466405, 0.9838553784971537, 0.9405848480266673, 0.9589710869955251, -0.0012094667514444915, 0.1330254330941403, 0.40948187318766804, 0.4767161947900584, -0.12371000181911446, 0.9653606339135419, -0.10765929078000148, 0.9837747374492837, -0.0958961505736522, 1.0, 0.08042182635094608, 0.965527920903622, 0.0785050264923344], [0.07316125111646708, 0.07487316076558213, 0.0810927483120317, 0.08321241101921172, -0.059796391197358974, -0.030467969378505926, -0.027032305776700145, 0.046062746385173006, 0.045434831747181166, -0.022878283837508572, 0.00240586996146178, -0.06057640893108244, -0.03811937074670785, -0.08051867415443491, 0.22887132745089397, 0.18949777978845192, 0.08821908181959724, 0.3537199500361562, 0.08015432856019068, -0.06479102794833107, 0.09039351003338333, 0.044434819998244, 0.08042182635094608, 1.0, -0.10645393503048209, -0.06249403327406729], [0.9202144888944933, 0.9288137173540973, 0.9221721320738564, 0.9292506869270488, -0.1829308544616536, -0.07654734199058834, -0.07857158285825151, 0.963514935781273, 0.9612626434918116, 0.9848367981456048, 0.9776456622379764, 0.9584580461439727, 0.9681609086206284, 0.035495923499430544, 0.054918627721881726, 0.33441045135633507, 0.43646062040954, -0.24736675491575913, 0.9334483602860546, -0.09058381346347356, 0.9486026448788699, -0.09692613315970737, 0.965527920903622, -0.10645393503048209, 1.0, 0.07874249719359465], [0.058784055424529524, 0.0574509179381631, 0.05974913811919265, 0.05872558570352155, -0.054981780392887813, -0.0030229823698685347, -0.0019055212166477588, 0.07242625916396524, 0.053096851290171665, 0.004230244629450213, 0.021302422556482455, -0.04457973179017621, -0.01974152314771713, -0.08421317824158842, 0.20336362741293507, 0.2075217776068745, 0.13185828288880327, 0.27794738937564345, 0.06001744605263567, -0.07077042574489768, 0.07141200995041937, -0.031375705510696086, 0.0785050264923344, -0.06249403327406729, 0.07874249719359465, 1.0]]}